{
    "general": {
        "num-nodes":50,
        "end-block-height":10,
        "timestamp-limit":0,
        "verbose-output":true,
        "seed":12345,
        "pow_target_interval":600000,
        "avg_mining_power":400000,
        "stdev_mining_power":100000,
        "avg_coins":4000,
        "stdev_coins":2000,
        "reward":0.01
    },
    "network": {
        "num-regions":6,
        "num-links":5,
        "latency-table":[
            [32, 124, 184, 198, 151, 189],
            [124, 11, 227, 237, 252, 294],
            [184, 227, 88, 325, 301, 322],
            [198, 237, 325, 85, 58, 198],
            [151, 252, 301, 58, 12, 126],
            [189, 294, 322, 198, 126, 16]],
        "region-distribution":[0.3316, 0.4998, 0.0090, 0.1177, 0.0224, 0.0195],
        "degree-distribution":[0.025, 0.050, 0.075, 0.10, 0.20, 0.30, 0.40, 0.50, 0.60, 0.70, 0.80, 0.85, 0.90, 0.95, 0.97, 0.97, 0.98, 0.99, 0.995, 1.0],
        "download-bandwidth":[52000000, 40000000, 18000000, 22800000, 22800000, 29900000, 6000000],
        "upload-bandwidth":[4700000, 8100000, 1800000, 5300000, 3400000, 5200000, 6000000]
    },
    "protocol": {
        "lambda":3000,
        "committee-size":20,
        "num-proposers":2,
        "majority-votes":15,
        "block-creation-chance":0.8
    }
}