{
    "general": {
        "num-nodes":10,
        "end-block-height":10,
        "seed":12345
    },
    "network": {
        "num-regions":6,
        "num-links":5,
        "latency-table":[
            [32, 124, 184, 198, 151, 189],
            [124, 11, 227, 237, 252, 294],
            [184, 227, 88, 325, 301, 322],
            [198, 237, 325, 85, 58, 198],
            [151, 252, 301, 58, 12, 126],
            [189, 294, 322, 198, 126, 16]],
        "region-distribution":[0.3316, 0.4998, 0.0090, 0.1177, 0.0224, 0.0195],
        "degree-distribution":[0.025, 0.050, 0.075, 0.10, 0.20, 0.30, 0.40, 0.50, 0.60, 0.70, 0.80, 0.85, 0.90, 0.95, 0.97, 0.97, 0.98, 0.99, 0.995, 1.0]
    },
    "pow": {
        "interval":600000,
        "avg_mining_power":400000,
        "stdev_mining_power":100000
    },
    "pos": {
        "avg_coins":4000,
        "stdev_coins":2000,
        "reward":0.01
    }
}